0.7340 0.2980 0.2240 0.1880 0.1420 0.2080 0.1760 0.1820 0.2140 0.2260 0.2200 0.2220 0.2040 0.1940 0.2840 0.2200 0.1700
|
0.7340 0.2980 0.2240 0.1880 0.1420 0.2080 0.1760 0.1820 0.2140 0.2260 0.2200 0.2220 0.2040 0.1940 0.2840 0.2200 0.1700
0.7080 0.7140 0.1880 0.2120 0.1720 0.1680 0.2260 0.3040 0.2140 0.2480 0.1960 0.2580 0.1820 0.1740 0.2020 0.2220 0.1800
0.6720 0.6260 0.6900 0.2240 0.1900 0.1860 0.2320 0.2620 0.2220 0.2260 0.2480 0.1780 0.1200 0.1180 0.2200 0.2020 0.1660
0.6180 0.6200 0.6800 0.6880 0.1880 0.1900 0.2340 0.2260 0.2180 0.2200 0.2180 0.2000 0.0820 0.1440 0.2280 0.2300 0.1940
0.6680 0.6240 0.6220 0.6360 0.6660 0.1820 0.2260 0.2620 0.2380 0.2140 0.2160 0.2260 0.1180 0.1740 0.1840 0.2280 0.2080
0.6340 0.6040 0.6700 0.6320 0.6480 0.7380 0.2940 0.2160 0.2300 0.2340 0.2240 0.1620 0.1420 0.1800 0.2220 0.2440 0.1860
0.6560 0.6040 0.6280 0.6100 0.6040 0.7140 0.8400 0.1920 0.2620 0.2040 0.2400 0.1440 0.2040 0.1820 0.2520 0.2420 0.1800
0.6440 0.5960 0.6420 0.6140 0.6680 0.6760 0.8360 0.7440 0.2380 0.2220 0.2640 0.1740 0.2320 0.1540 0.2200 0.2500 0.1380
0.6160 0.5520 0.6460 0.6300 0.6200 0.7360 0.8240 0.7560 0.7760 0.1820 0.2580 0.1460 0.1900 0.1600 0.1860 0.2020 0.1840
0.6160 0.6000 0.6400 0.6240 0.6240 0.7120 0.7960 0.7300 0.7320 0.7340 0.2760 0.1500 0.2580 0.1440 0.2000 0.2240 0.1380
0.6320 0.6160 0.6280 0.6100 0.5800 0.6460 0.7980 0.7200 0.6840 0.6800 0.6440 0.1440 0.2520 0.1320 0.1920 0.2220 0.1500
0.6020 0.5880 0.6100 0.6220 0.5860 0.6400 0.8020 0.6840 0.6780 0.6860 0.5900 0.6960 0.1940 0.1340 0.2480 0.2100 0.1720
0.6040 0.5580 0.6060 0.6220 0.6100 0.6680 0.8060 0.7220 0.6840 0.6600 0.5940 0.6860 0.8120 0.1600 0.2260 0.2020 0.1400
0.6520 0.5760 0.6180 0.6220 0.5760 0.6520 0.8140 0.7180 0.7000 0.6760 0.5560 0.6940 0.7880 0.7040 0.2380 0.1980 0.2060
0.6740 0.6100 0.6120 0.6460 0.6040 0.6420 0.8080 0.7360 0.6740 0.6640 0.5280 0.6660 0.7960 0.6980 0.7840 0.2140 0.1480
0.6700 0.6060 0.6080 0.6000 0.6000 0.6420 0.7900 0.7120 0.7020 0.6720 0.5340 0.6740 0.7820 0.6960 0.7540 0.7000 0.1560
0.6380 0.5960 0.6040 0.6400 0.5940 0.6420 0.7880 0.7140 0.6640 0.6520 0.5260 0.6340 0.7860 0.6780 0.7680 0.6720 0.7760

Diagonal Accuracy: 0.7318
Final Accuracy: 0.6689
Backward: -0.0668
Forward:  -0.0002
Forgetting Measure: 0.0676
LCA: nan
