0.8381 0.1033 0.1134 0.0904 0.0770 0.0968 0.0953 0.1241 0.1182 0.0920 0.0880 0.0825 0.0842 0.1011 0.1124 0.1054 0.1256 0.0762 0.0744 0.1143
|
0.8381 0.1033 0.1134 0.0904 0.0770 0.0968 0.0953 0.1241 0.1182 0.0920 0.0880 0.0825 0.0842 0.1011 0.1124 0.1054 0.1256 0.0762 0.0744 0.1143
0.8160 0.8430 0.1300 0.1031 0.0860 0.1082 0.1085 0.1032 0.1243 0.0924 0.0925 0.0949 0.0840 0.1103 0.0972 0.1147 0.1308 0.1232 0.0846 0.1085
0.8118 0.8300 0.8386 0.1429 0.1036 0.1272 0.0991 0.0916 0.1430 0.1182 0.0677 0.1058 0.1023 0.1062 0.0939 0.1223 0.1164 0.1299 0.1123 0.0854
0.8150 0.8258 0.8376 0.8702 0.1239 0.1122 0.1220 0.0972 0.1293 0.0812 0.0618 0.0686 0.1122 0.0872 0.0978 0.1041 0.1206 0.1296 0.0942 0.0972
0.7964 0.8246 0.8328 0.8589 0.8447 0.1307 0.0909 0.0869 0.1300 0.0858 0.0597 0.0879 0.1136 0.0827 0.0790 0.0934 0.1041 0.1583 0.1036 0.0919
0.7690 0.8136 0.8373 0.8401 0.8121 0.8386 0.0939 0.0691 0.1177 0.0956 0.0494 0.0923 0.0965 0.0858 0.0868 0.0801 0.1299 0.1642 0.1240 0.0931
0.7826 0.8138 0.8275 0.8479 0.8201 0.8527 0.8638 0.0787 0.1425 0.1260 0.0657 0.0900 0.0951 0.0878 0.0967 0.0729 0.1329 0.1880 0.1296 0.0887
0.7751 0.8091 0.8177 0.8389 0.8037 0.8316 0.8565 0.8495 0.1344 0.1089 0.0660 0.1028 0.0880 0.0912 0.0828 0.0730 0.1432 0.1717 0.1352 0.0942
0.7619 0.7912 0.8239 0.8172 0.7827 0.8119 0.8394 0.8068 0.8360 0.1022 0.0699 0.1005 0.0996 0.0893 0.0827 0.0857 0.1212 0.1729 0.1107 0.0954
0.7677 0.7903 0.8039 0.8285 0.8019 0.8237 0.8474 0.8325 0.8334 0.8342 0.0626 0.1285 0.1094 0.0917 0.0899 0.0749 0.1299 0.1324 0.1300 0.0925
0.7707 0.7892 0.8093 0.8245 0.7959 0.8106 0.8289 0.8195 0.8246 0.8251 0.8218 0.1162 0.0973 0.1128 0.1070 0.0576 0.1276 0.1643 0.1288 0.0920
0.7664 0.7883 0.7925 0.8146 0.7948 0.8147 0.8240 0.8166 0.8142 0.8075 0.8236 0.8239 0.0699 0.1108 0.1077 0.0519 0.1227 0.1680 0.1096 0.1011
0.7616 0.7906 0.7890 0.8005 0.7856 0.8151 0.8181 0.8099 0.8131 0.7994 0.8104 0.8205 0.8363 0.1290 0.1020 0.0917 0.1026 0.1600 0.0992 0.1016
0.7755 0.7967 0.7753 0.8017 0.7876 0.8132 0.8006 0.8073 0.8237 0.8093 0.8017 0.8295 0.8428 0.8528 0.1139 0.0833 0.0989 0.1299 0.1505 0.1059
0.7501 0.7947 0.7663 0.7963 0.7801 0.8071 0.8123 0.7977 0.8186 0.7835 0.8052 0.8266 0.8330 0.8373 0.8612 0.0818 0.1031 0.1378 0.1454 0.1058
0.7436 0.7901 0.7749 0.8003 0.7638 0.7922 0.8121 0.7848 0.7903 0.7661 0.7803 0.7901 0.8219 0.8260 0.8423 0.8272 0.0800 0.1212 0.1477 0.1177
0.7378 0.7926 0.7551 0.7866 0.7757 0.8188 0.8194 0.7762 0.8080 0.7970 0.7888 0.8219 0.8267 0.8333 0.8404 0.8293 0.8501 0.1181 0.1289 0.1112
0.7410 0.7940 0.7597 0.7843 0.7636 0.7877 0.8109 0.7587 0.7899 0.7876 0.7644 0.8000 0.8182 0.8195 0.8314 0.8206 0.8371 0.8509 0.1008 0.1122
0.7473 0.7872 0.7632 0.7844 0.7550 0.7777 0.8076 0.7567 0.7938 0.7659 0.7701 0.7981 0.8064 0.7987 0.8481 0.8107 0.8408 0.8474 0.8097 0.1191
0.7492 0.7866 0.7447 0.7911 0.7811 0.8048 0.7973 0.7727 0.8129 0.7794 0.7790 0.8134 0.8103 0.8011 0.8317 0.8168 0.8195 0.8508 0.8183 0.8694

Diagonal Accuracy: 0.8430
Final Accuracy: 0.8015
Backward: -0.0437
Forward:  0.0078
Forgetting Measure: 0.0453
LCA: nan
