0.7440 0.1980 0.2800 0.1860 0.1680 0.1620 0.2620 0.1700 0.1860 0.2100 0.1720 0.1940 0.2080 0.2060 0.1380 0.1500 0.2540
|
0.7440 0.1980 0.2800 0.1860 0.1680 0.1620 0.2620 0.1700 0.1860 0.2100 0.1720 0.1940 0.2080 0.2060 0.1380 0.1500 0.2540
0.7440 0.6820 0.2800 0.1800 0.1580 0.2140 0.2320 0.2080 0.1740 0.1580 0.1240 0.2540 0.2140 0.1980 0.1260 0.1560 0.2380
0.6940 0.6940 0.7300 0.1640 0.1700 0.1560 0.1940 0.1300 0.1780 0.2340 0.1940 0.3020 0.2120 0.2240 0.2200 0.2040 0.2340
0.6940 0.6560 0.6440 0.7180 0.1680 0.1320 0.1980 0.1120 0.1900 0.1860 0.1980 0.3180 0.2280 0.1980 0.1800 0.1700 0.2160
0.7060 0.6700 0.6420 0.7140 0.7140 0.1560 0.2020 0.0740 0.1920 0.2300 0.2360 0.2740 0.2080 0.1780 0.2020 0.1260 0.2240
0.6780 0.6320 0.6360 0.6600 0.6940 0.6700 0.1860 0.1140 0.1500 0.2000 0.2100 0.3880 0.2320 0.1960 0.1920 0.1960 0.1640
0.6920 0.6660 0.6400 0.6660 0.6680 0.6880 0.8480 0.2320 0.1580 0.1840 0.2140 0.3840 0.2860 0.2260 0.1900 0.1640 0.1900
0.6820 0.6600 0.6160 0.6660 0.6860 0.6540 0.8000 0.7840 0.1960 0.1880 0.2140 0.3820 0.2240 0.1900 0.1900 0.1880 0.1940
0.7120 0.6660 0.6360 0.6800 0.6720 0.6520 0.7960 0.7700 0.7120 0.2380 0.2140 0.4020 0.2260 0.1740 0.1960 0.1600 0.2100
0.6700 0.6440 0.6180 0.6400 0.6580 0.6780 0.7900 0.7360 0.7220 0.7340 0.1820 0.4360 0.2200 0.1880 0.2000 0.1360 0.1860
0.6420 0.6040 0.6360 0.6300 0.6460 0.6360 0.7900 0.7040 0.7080 0.7240 0.6240 0.3940 0.1600 0.1800 0.1980 0.1260 0.1800
0.6740 0.6720 0.6440 0.6420 0.6800 0.6640 0.7840 0.7300 0.6980 0.7520 0.6340 0.7680 0.1860 0.1840 0.1900 0.1280 0.1200
0.6700 0.6280 0.6140 0.6440 0.7000 0.6580 0.7840 0.7040 0.6920 0.7220 0.6240 0.7500 0.8300 0.1780 0.2060 0.1460 0.1620
0.7160 0.6460 0.6320 0.6340 0.6960 0.6720 0.7660 0.7120 0.6700 0.7360 0.6160 0.7320 0.7780 0.7300 0.2320 0.1640 0.2020
0.6680 0.6460 0.5860 0.6500 0.6960 0.6380 0.7800 0.6620 0.6740 0.6820 0.5940 0.7120 0.7580 0.6640 0.7540 0.1740 0.2120
0.6500 0.6620 0.6180 0.6420 0.6520 0.6560 0.7560 0.6700 0.6940 0.6900 0.6240 0.7040 0.7720 0.6560 0.7240 0.7220 0.2220
0.6600 0.6460 0.5940 0.6380 0.6260 0.6460 0.7380 0.6540 0.6700 0.6800 0.5980 0.7080 0.7600 0.6640 0.7220 0.7080 0.7900

Diagonal Accuracy: 0.7385
Final Accuracy: 0.6766
Backward: -0.0658
Forward:  0.0142
Forgetting Measure: 0.0700
LCA: nan
