0.8283 0.1515 0.0846 0.0794 0.1249 0.1334 0.0903 0.0820 0.1453 0.1140 0.0821 0.0901 0.1055 0.1042 0.1052 0.1140 0.0954 0.1105 0.1085 0.1259
|
0.8283 0.1515 0.0846 0.0794 0.1249 0.1334 0.0903 0.0820 0.1453 0.1140 0.0821 0.0901 0.1055 0.1042 0.1052 0.1140 0.0954 0.1105 0.1085 0.1259
0.8119 0.8707 0.1071 0.0812 0.1557 0.1068 0.1837 0.0567 0.1500 0.0861 0.0697 0.1077 0.1024 0.0770 0.1079 0.1139 0.0825 0.0973 0.1190 0.0897
0.8189 0.8255 0.8033 0.1190 0.1543 0.1159 0.1647 0.0695 0.1691 0.1080 0.0579 0.1112 0.1136 0.0777 0.1114 0.1113 0.0870 0.1211 0.1310 0.0879
0.7837 0.8452 0.8254 0.8531 0.1096 0.1214 0.1439 0.0856 0.1470 0.0960 0.0582 0.0774 0.1230 0.0823 0.0896 0.0888 0.0855 0.1102 0.1188 0.0775
0.7921 0.8441 0.8060 0.8343 0.8365 0.1404 0.1177 0.0833 0.1461 0.0911 0.0497 0.0744 0.1091 0.0862 0.0933 0.0711 0.0820 0.1018 0.1183 0.0903
0.7592 0.8483 0.7981 0.8373 0.8266 0.8550 0.1350 0.0889 0.1216 0.0953 0.0474 0.0513 0.0909 0.0876 0.0931 0.0540 0.0946 0.1101 0.1269 0.0885
0.7413 0.8428 0.8023 0.8241 0.8260 0.8580 0.8576 0.1074 0.1321 0.0953 0.0514 0.0641 0.0757 0.0850 0.1154 0.0527 0.0946 0.1163 0.1133 0.0741
0.7167 0.8302 0.8063 0.8185 0.8002 0.8322 0.8590 0.8137 0.1409 0.1152 0.0516 0.0681 0.0722 0.1016 0.0995 0.0445 0.1107 0.1090 0.1178 0.0733
0.7238 0.8349 0.7822 0.7973 0.7976 0.8346 0.8415 0.8137 0.8602 0.1154 0.0670 0.0777 0.0737 0.0884 0.1294 0.0536 0.1029 0.1163 0.1173 0.0870
0.7175 0.8271 0.7903 0.7836 0.7836 0.8296 0.8313 0.8045 0.8564 0.8328 0.0534 0.0949 0.0635 0.1041 0.1178 0.0581 0.0966 0.0848 0.1101 0.0610
0.7225 0.7898 0.7619 0.8010 0.8039 0.8330 0.8358 0.7999 0.8360 0.8257 0.8498 0.1151 0.0629 0.1265 0.1429 0.0558 0.0899 0.1064 0.1598 0.0476
0.7106 0.7982 0.7749 0.7804 0.7901 0.8180 0.8210 0.7755 0.8389 0.8141 0.8411 0.8443 0.0645 0.1236 0.1324 0.0470 0.1114 0.1116 0.1233 0.0558
0.7048 0.7913 0.7634 0.7864 0.7802 0.8094 0.8200 0.7593 0.8365 0.8268 0.8362 0.8368 0.8467 0.1250 0.1425 0.0839 0.0852 0.1067 0.1141 0.0469
0.7310 0.7963 0.7350 0.7660 0.7755 0.8169 0.8061 0.7866 0.8294 0.7979 0.8367 0.8336 0.8569 0.8408 0.1470 0.0896 0.0872 0.0994 0.1488 0.0631
0.7171 0.7908 0.7321 0.7672 0.7442 0.8013 0.7893 0.7560 0.8216 0.7912 0.8097 0.8233 0.8563 0.8373 0.8532 0.0739 0.0945 0.0912 0.1609 0.0629
0.7074 0.8034 0.7305 0.7641 0.7674 0.8105 0.7797 0.7701 0.8252 0.7860 0.8285 0.8177 0.8447 0.8203 0.8398 0.8462 0.0690 0.0804 0.1698 0.0823
0.6873 0.8067 0.7269 0.7689 0.7545 0.8029 0.7847 0.7650 0.8185 0.7831 0.8339 0.8214 0.8413 0.8134 0.8382 0.8295 0.8221 0.0826 0.1399 0.0798
0.6883 0.7995 0.7281 0.7722 0.7446 0.8013 0.7939 0.7654 0.8057 0.7954 0.8128 0.8180 0.8429 0.8182 0.8184 0.8332 0.8187 0.8555 0.1456 0.0915
0.6706 0.8001 0.7424 0.7614 0.7339 0.8006 0.7952 0.7716 0.8129 0.7979 0.8185 0.8129 0.8417 0.8150 0.8359 0.8364 0.8183 0.8519 0.8484 0.0795
0.6457 0.7784 0.7381 0.7638 0.7325 0.7578 0.7750 0.7289 0.7717 0.7812 0.8087 0.8034 0.8186 0.8055 0.8085 0.8028 0.7981 0.8065 0.8385 0.7835

Diagonal Accuracy: 0.8401
Final Accuracy: 0.7774
Backward: -0.0660
Forward:  0.0018
Forgetting Measure: 0.0680
LCA: nan
